#name	freq	kmpr	ikmpr	df	doodson1	doodson2	doodson3	doodson4	doodson5	doodson6	semi	isat	nsat	ishallow	nshallow	doodsonamp	doodsonspecies
Z0  	0.000000	M2  	48.000000	0.000000	0.000000	0.000000	0.000000	0.000000	0.000000	0.000000	0.000000	NaN	NaN	NaN	NaN	NaN	NaN
SA  	0.000114	SSA 	3.000000	0.000114	0.000000	0.000000	1.000000	0.000000	0.000000	-1.000000	0.000000	NaN	NaN	NaN	NaN	0.011600	0.000000
SSA 	0.000228	Z0  	1.000000	0.000228	0.000000	0.000000	2.000000	0.000000	0.000000	0.000000	0.000000	NaN	NaN	NaN	NaN	0.072990	0.000000
MSM 	0.001310	MM  	5.000000	0.000202	0.000000	1.000000	-2.000000	1.000000	0.000000	0.000000	0.000000	NaN	NaN	NaN	NaN	NaN	NaN
MM  	0.001512	MSF 	6.000000	0.001310	0.000000	1.000000	0.000000	-1.000000	0.000000	0.000000	0.000000	NaN	NaN	NaN	NaN	0.082540	0.000000
MSF 	0.002822	Z0  	1.000000	0.002822	0.000000	2.000000	-2.000000	0.000000	0.000000	0.000000	0.000000	NaN	NaN	NaN	NaN	0.013760	0.000000
MF  	0.003050	MSF 	6.000000	0.000228	0.000000	2.000000	0.000000	0.000000	0.000000	0.000000	0.000000	NaN	NaN	NaN	NaN	0.156420	0.000000
ALP1	0.034397	2Q1 	9.000000	0.001310	1.000000	-4.000000	2.000000	1.000000	0.000000	0.000000	-0.250000	1.000000	2.000000	NaN	NaN	0.002780	-1.000000
2Q1 	0.035706	Q1  	11.000000	0.001512	1.000000	-3.000000	0.000000	2.000000	0.000000	0.000000	-0.250000	3.000000	5.000000	NaN	NaN	0.009550	-1.000000
SIG1	0.035909	2Q1 	9.000000	0.000202	1.000000	-3.000000	2.000000	0.000000	0.000000	0.000000	-0.250000	8.000000	4.000000	NaN	NaN	0.011530	-1.000000
Q1  	0.037219	O1  	13.000000	0.001512	1.000000	-2.000000	0.000000	1.000000	0.000000	0.000000	-0.250000	12.000000	10.000000	NaN	NaN	0.072160	-1.000000
RHO1	0.037421	Q1  	11.000000	0.000202	1.000000	-2.000000	2.000000	-1.000000	0.000000	0.000000	-0.250000	22.000000	5.000000	NaN	NaN	0.013710	-1.000000
O1  	0.038731	K1  	21.000000	0.003050	1.000000	-1.000000	0.000000	0.000000	0.000000	0.000000	-0.250000	27.000000	8.000000	NaN	NaN	0.376890	-1.000000
TAU1	0.038959	O1  	13.000000	0.000228	1.000000	-1.000000	2.000000	0.000000	0.000000	0.000000	-0.750000	35.000000	5.000000	NaN	NaN	-0.004910	-1.000000
BET1	0.040040	NO1 	16.000000	0.000228	1.000000	0.000000	-2.000000	1.000000	0.000000	0.000000	-0.750000	40.000000	1.000000	NaN	NaN	-0.002780	-1.000000
NO1 	0.040269	K1  	21.000000	0.001512	1.000000	0.000000	0.000000	1.000000	0.000000	0.000000	-0.750000	41.000000	9.000000	NaN	NaN	-0.029640	-1.000000
CHI1	0.040471	NO1 	16.000000	0.000202	1.000000	0.000000	2.000000	-1.000000	0.000000	0.000000	-0.750000	50.000000	2.000000	NaN	NaN	-0.005660	-1.000000
PI1 	0.041439	P1  	19.000000	0.000114	1.000000	1.000000	-3.000000	0.000000	0.000000	1.000000	-0.250000	52.000000	1.000000	NaN	NaN	0.010290	-1.000000
P1  	0.041553	K1  	21.000000	0.000228	1.000000	1.000000	-2.000000	0.000000	0.000000	0.000000	-0.250000	53.000000	6.000000	NaN	NaN	0.175840	-1.000000
S1  	0.041667	K1  	21.000000	0.000114	1.000000	1.000000	-1.000000	0.000000	0.000000	1.000000	-0.750000	59.000000	2.000000	NaN	NaN	-0.004230	-1.000000
K1  	0.041781	Z0  	1.000000	0.041781	1.000000	1.000000	0.000000	0.000000	0.000000	0.000000	-0.750000	61.000000	10.000000	NaN	NaN	-0.530500	-1.000000
PSI1	0.041895	K1  	21.000000	0.000114	1.000000	1.000000	1.000000	0.000000	0.000000	-1.000000	-0.750000	71.000000	1.000000	NaN	NaN	-0.004230	-1.000000
PHI1	0.042009	K1  	21.000000	0.000228	1.000000	1.000000	2.000000	0.000000	0.000000	0.000000	-0.750000	72.000000	5.000000	NaN	NaN	NaN	NaN
THE1	0.043091	J1  	25.000000	0.000202	1.000000	2.000000	-2.000000	1.000000	0.000000	0.000000	-0.750000	77.000000	4.000000	NaN	NaN	-0.007560	-1.000000
J1  	0.043293	K1  	21.000000	0.001512	1.000000	2.000000	0.000000	-1.000000	0.000000	0.000000	-0.750000	81.000000	10.000000	NaN	NaN	-0.029640	-1.000000
2PO1	0.044375	--    	NaN	0.000000	NaN	NaN	NaN	NaN	NaN	NaN	NaN	NaN	NaN	1.000000	2.000000	NaN	NaN
SO1 	0.044603	OO1 	28.000000	0.000228	NaN	NaN	NaN	NaN	NaN	NaN	NaN	NaN	NaN	3.000000	2.000000	NaN	NaN
OO1 	0.044831	J1  	25.000000	0.001538	1.000000	3.000000	0.000000	0.000000	0.000000	0.000000	-0.750000	91.000000	8.000000	NaN	NaN	-0.016230	-1.000000
UPS1	0.046343	OO1 	28.000000	0.001512	1.000000	4.000000	0.000000	-1.000000	0.000000	0.000000	-0.750000	99.000000	5.000000	NaN	NaN	-0.003110	-1.000000
ST36	0.073355	--    	NaN	0.000000	NaN	NaN	NaN	NaN	NaN	NaN	NaN	NaN	NaN	5.000000	3.000000	NaN	NaN
2NS2	0.074665	--   	NaN	0.000000	NaN	NaN	NaN	NaN	NaN	NaN	NaN	NaN	NaN	8.000000	2.000000	NaN	NaN
ST37	0.074868	--    	NaN	0.000000	NaN	NaN	NaN	NaN	NaN	NaN	NaN	NaN	NaN	10.000000	2.000000	NaN	NaN
ST1 	0.074893	--    	NaN	0.000000	NaN	NaN	NaN	NaN	NaN	NaN	NaN	NaN	NaN	12.000000	3.000000	NaN	NaN
OQ2 	0.075975	EPS2	35.000000	0.000202	2.000000	-3.000000	0.000000	3.000000	0.000000	0.000000	0.000000	104.000000	2.000000	NaN	NaN	0.002590	2.000000
EPS2	0.076177	2N2 	39.000000	0.001310	2.000000	-3.000000	2.000000	1.000000	0.000000	0.000000	0.000000	106.000000	3.000000	NaN	NaN	0.006710	2.000000
ST2 	0.076405	--    	NaN	0.000000	NaN	NaN	NaN	NaN	NaN	NaN	NaN	NaN	NaN	15.000000	4.000000	NaN	NaN
ST3 	0.077233	--    	NaN	0.000000	NaN	NaN	NaN	NaN	NaN	NaN	NaN	NaN	NaN	19.000000	3.000000	NaN	NaN
O2  	0.077461	--    	NaN	0.000000	NaN	NaN	NaN	NaN	NaN	NaN	NaN	NaN	NaN	22.000000	1.000000	NaN	NaN
2N2 	0.077487	MU2 	40.000000	0.000202	2.000000	-2.000000	0.000000	2.000000	0.000000	0.000000	0.000000	109.000000	4.000000	NaN	NaN	0.023010	2.000000
MU2 	0.077689	N2  	42.000000	0.001310	2.000000	-2.000000	2.000000	0.000000	0.000000	0.000000	0.000000	113.000000	3.000000	NaN	NaN	0.027770	2.000000
SNK2	0.078771	--    	NaN	0.000000	NaN	NaN	NaN	NaN	NaN	NaN	NaN	NaN	NaN	26.000000	3.000000	NaN	NaN
N2  	0.078999	M2  	48.000000	0.001512	2.000000	-1.000000	0.000000	1.000000	0.000000	0.000000	0.000000	116.000000	4.000000	NaN	NaN	0.173870	2.000000
NU2 	0.079202	N2  	42.000000	0.000202	2.000000	-1.000000	2.000000	-1.000000	0.000000	0.000000	0.000000	120.000000	4.000000	NaN	NaN	0.033030	2.000000
ST4 	0.079456	--    	NaN	0.000000	NaN	NaN	NaN	NaN	NaN	NaN	NaN	NaN	NaN	23.000000	3.000000	NaN	NaN
OP2 	0.080283	--   	NaN	0.000000	NaN	NaN	NaN	NaN	NaN	NaN	NaN	NaN	NaN	29.000000	2.000000	NaN	NaN
GAM2	0.080309	H1  	47.000000	0.000088	2.000000	0.000000	-2.000000	2.000000	0.000000	0.000000	-0.500000	124.000000	3.000000	NaN	NaN	-0.002730	2.000000
H1  	0.080397	M2  	48.000000	0.000114	2.000000	0.000000	-1.000000	0.000000	0.000000	1.000000	-0.500000	127.000000	2.000000	NaN	NaN	-0.003140	2.000000
M2  	0.080511	Z0  	1.000000	0.080511	2.000000	0.000000	0.000000	0.000000	0.000000	0.000000	0.000000	129.000000	9.000000	NaN	NaN	0.908120	2.000000
H2  	0.080625	M2  	48.000000	0.000114	2.000000	0.000000	1.000000	0.000000	0.000000	-1.000000	0.000000	138.000000	1.000000	NaN	NaN	0.002760	2.000000
MKS2	0.080740	M2  	48.000000	0.000228	NaN	NaN	NaN	NaN	NaN	NaN	NaN	NaN	NaN	31.000000	3.000000	NaN	NaN
ST5 	0.080968	--    	NaN	0.000000	NaN	NaN	NaN	NaN	NaN	NaN	NaN	NaN	NaN	34.000000	3.000000	NaN	NaN
ST6 	0.081593	--    	NaN	0.000000	NaN	NaN	NaN	NaN	NaN	NaN	NaN	NaN	NaN	37.000000	4.000000	NaN	NaN
LDA2	0.081821	L2  	54.000000	0.000202	2.000000	1.000000	-2.000000	1.000000	0.000000	0.000000	-0.500000	139.000000	1.000000	NaN	NaN	-0.006700	2.000000
L2  	0.082024	S2  	57.000000	0.001310	2.000000	1.000000	0.000000	-1.000000	0.000000	0.000000	-0.500000	140.000000	5.000000	NaN	NaN	-0.025670	2.000000
2SK2	0.083105	--    	NaN	0.000000	NaN	NaN	NaN	NaN	NaN	NaN	NaN	NaN	NaN	41.000000	2.000000	NaN	NaN
T2  	0.083219	S2  	57.000000	0.000114	2.000000	2.000000	-3.000000	0.000000	0.000000	1.000000	0.000000	NaN	NaN	NaN	NaN	0.024790	2.000000
S2  	0.083333	M2  	48.000000	0.002822	2.000000	2.000000	-2.000000	0.000000	0.000000	0.000000	0.000000	145.000000	3.000000	NaN	NaN	0.423580	2.000000
R2  	0.083447	S2  	57.000000	0.000114	2.000000	2.000000	-1.000000	0.000000	0.000000	-1.000000	-0.500000	148.000000	2.000000	NaN	NaN	-0.003540	2.000000
K2  	0.083561	S2  	57.000000	0.000228	2.000000	2.000000	0.000000	0.000000	0.000000	0.000000	0.000000	150.000000	5.000000	NaN	NaN	0.115060	2.000000
MSN2	0.084845	ETA2	61.000000	0.000228	NaN	NaN	NaN	NaN	NaN	NaN	NaN	NaN	NaN	43.000000	3.000000	NaN	NaN
ETA2	0.085074	K2  	59.000000	0.001512	2.000000	3.000000	0.000000	-1.000000	0.000000	0.000000	0.000000	155.000000	7.000000	NaN	NaN	0.006430	2.000000
ST7 	0.085302	--    	NaN	0.000000	NaN	NaN	NaN	NaN	NaN	NaN	NaN	NaN	NaN	46.000000	4.000000	NaN	NaN
2SM2	0.086155	--    	NaN	0.000000	NaN	NaN	NaN	NaN	NaN	NaN	NaN	NaN	NaN	50.000000	2.000000	NaN	NaN
ST38	0.086358	--    	NaN	0.000000	NaN	NaN	NaN	NaN	NaN	NaN	NaN	NaN	NaN	52.000000	3.000000	NaN	NaN
SKM2	0.086383	--   	NaN	0.000000	NaN	NaN	NaN	NaN	NaN	NaN	NaN	NaN	NaN	55.000000	3.000000	NaN	NaN
2SN2	0.087667	--    	NaN	0.000000	NaN	NaN	NaN	NaN	NaN	NaN	NaN	NaN	NaN	58.000000	2.000000	NaN	NaN
NO3 	0.117730	--    	NaN	0.000000	NaN	NaN	NaN	NaN	NaN	NaN	NaN	NaN	NaN	60.000000	2.000000	NaN	NaN
MO3 	0.119242	M3  	69.000000	0.001525	NaN	NaN	NaN	NaN	NaN	NaN	NaN	NaN	NaN	62.000000	2.000000	NaN	NaN
M3  	0.120767	M2  	48.000000	0.040256	3.000000	0.000000	0.000000	0.000000	0.000000	0.000000	-0.500000	162.000000	1.000000	NaN	NaN	-0.011880	3.000000
NK3 	0.120780	--    	NaN	0.000000	NaN	NaN	NaN	NaN	NaN	NaN	NaN	NaN	NaN	64.000000	2.000000	NaN	NaN
SO3 	0.122064	MK3 	72.000000	0.000228	NaN	NaN	NaN	NaN	NaN	NaN	NaN	NaN	NaN	66.000000	2.000000	NaN	NaN
MK3 	0.122292	M3  	69.000000	0.001525	NaN	NaN	NaN	NaN	NaN	NaN	NaN	NaN	NaN	68.000000	2.000000	NaN	NaN
SP3 	0.124886	--    	NaN	0.000000	NaN	NaN	NaN	NaN	NaN	NaN	NaN	NaN	NaN	70.000000	2.000000	NaN	NaN
SK3 	0.125114	MK3 	72.000000	0.002822	NaN	NaN	NaN	NaN	NaN	NaN	NaN	NaN	NaN	72.000000	2.000000	NaN	NaN
ST8 	0.156689	--    	NaN	0.000000	NaN	NaN	NaN	NaN	NaN	NaN	NaN	NaN	NaN	74.000000	3.000000	NaN	NaN
N4  	0.157998	--    	NaN	0.000000	NaN	NaN	NaN	NaN	NaN	NaN	NaN	NaN	NaN	77.000000	1.000000	NaN	NaN
3MS4	0.158201	--    	NaN	0.000000	NaN	NaN	NaN	NaN	NaN	NaN	NaN	NaN	NaN	78.000000	2.000000	NaN	NaN
ST39	0.159282	--    	NaN	0.000000	NaN	NaN	NaN	NaN	NaN	NaN	NaN	NaN	NaN	80.000000	4.000000	NaN	NaN
MN4 	0.159511	M4  	82.000000	0.001512	NaN	NaN	NaN	NaN	NaN	NaN	NaN	NaN	NaN	84.000000	2.000000	NaN	NaN
ST9 	0.159739	--    	NaN	0.000000	NaN	NaN	NaN	NaN	NaN	NaN	NaN	NaN	NaN	89.000000	4.000000	NaN	NaN
ST40	0.160795	--    	NaN	0.000000	NaN	NaN	NaN	NaN	NaN	NaN	NaN	NaN	NaN	86.000000	3.000000	NaN	NaN
M4  	0.161023	M3  	69.000000	0.040256	NaN	NaN	NaN	NaN	NaN	NaN	NaN	NaN	NaN	93.000000	1.000000	NaN	NaN
ST10	0.161251	--    	NaN	0.000000	NaN	NaN	NaN	NaN	NaN	NaN	NaN	NaN	NaN	94.000000	3.000000	NaN	NaN
SN4 	0.162333	M4  	82.000000	0.001310	NaN	NaN	NaN	NaN	NaN	NaN	NaN	NaN	NaN	97.000000	2.000000	NaN	NaN
KN4 	0.162561	--    	NaN	0.000000	NaN	NaN	NaN	NaN	NaN	NaN	NaN	NaN	NaN	99.000000	2.000000	NaN	NaN
MS4 	0.163845	M4  	82.000000	0.002822	NaN	NaN	NaN	NaN	NaN	NaN	NaN	NaN	NaN	101.000000	2.000000	NaN	NaN
MK4 	0.164073	MS4 	86.000000	0.000228	NaN	NaN	NaN	NaN	NaN	NaN	NaN	NaN	NaN	103.000000	2.000000	NaN	NaN
SL4 	0.165357	--    	NaN	0.000000	NaN	NaN	NaN	NaN	NaN	NaN	NaN	NaN	NaN	105.000000	2.000000	NaN	NaN
S4  	0.166667	MS4 	86.000000	0.002822	NaN	NaN	NaN	NaN	NaN	NaN	NaN	NaN	NaN	107.000000	1.000000	NaN	NaN
SK4 	0.166895	S4  	89.000000	0.000228	NaN	NaN	NaN	NaN	NaN	NaN	NaN	NaN	NaN	108.000000	2.000000	NaN	NaN
MNO5	0.198241	--    	NaN	0.000000	NaN	NaN	NaN	NaN	NaN	NaN	NaN	NaN	NaN	110.000000	3.000000	NaN	NaN
2MO5	0.199753	--    	NaN	0.000000	NaN	NaN	NaN	NaN	NaN	NaN	NaN	NaN	NaN	113.000000	2.000000	NaN	NaN
3MP5	0.199982	--    	NaN	0.000000	NaN	NaN	NaN	NaN	NaN	NaN	NaN	NaN	NaN	115.000000	2.000000	NaN	NaN
MNK5	0.201291	--    	NaN	0.000000	NaN	NaN	NaN	NaN	NaN	NaN	NaN	NaN	NaN	117.000000	3.000000	NaN	NaN
2MP5	0.202575	--    	NaN	0.000000	NaN	NaN	NaN	NaN	NaN	NaN	NaN	NaN	NaN	120.000000	2.000000	NaN	NaN
2MK5	0.202804	M4  	82.000000	0.041781	NaN	NaN	NaN	NaN	NaN	NaN	NaN	NaN	NaN	122.000000	2.000000	NaN	NaN
MSK5	0.205625	--    	NaN	0.000000	NaN	NaN	NaN	NaN	NaN	NaN	NaN	NaN	NaN	124.000000	3.000000	NaN	NaN
3KM5	0.205854	--    	NaN	0.000000	NaN	NaN	NaN	NaN	NaN	NaN	NaN	NaN	NaN	127.000000	3.000000	NaN	NaN
2SK5	0.208447	2MK5	96.000000	0.005644	NaN	NaN	NaN	NaN	NaN	NaN	NaN	NaN	NaN	130.000000	2.000000	NaN	NaN
ST11	0.237226	--    	NaN	0.000000	NaN	NaN	NaN	NaN	NaN	NaN	NaN	NaN	NaN	132.000000	3.000000	NaN	NaN
2NM6	0.238510	--   	NaN	0.000000	NaN	NaN	NaN	NaN	NaN	NaN	NaN	NaN	NaN	135.000000	2.000000	NaN	NaN
ST12	0.238738	--    	NaN	0.000000	NaN	NaN	NaN	NaN	NaN	NaN	NaN	NaN	NaN	137.000000	4.000000	NaN	NaN
2MN6	0.240022	M6  	106.000000	0.001512	NaN	NaN	NaN	NaN	NaN	NaN	NaN	NaN	NaN	144.000000	2.000000	NaN	NaN
ST13	0.240250	--    	NaN	0.000000	NaN	NaN	NaN	NaN	NaN	NaN	NaN	NaN	NaN	146.000000	4.000000	NaN	NaN
ST41	0.241306	--    	NaN	0.000000	NaN	NaN	NaN	NaN	NaN	NaN	NaN	NaN	NaN	141.000000	3.000000	NaN	NaN
M6  	0.241534	2MK5	96.000000	0.038731	NaN	NaN	NaN	NaN	NaN	NaN	NaN	NaN	NaN	150.000000	1.000000	NaN	NaN
MSN6	0.242844	--    	NaN	0.000000	NaN	NaN	NaN	NaN	NaN	NaN	NaN	NaN	NaN	151.000000	3.000000	NaN	NaN
MKN6	0.243072	--    	NaN	0.000000	NaN	NaN	NaN	NaN	NaN	NaN	NaN	NaN	NaN	154.000000	3.000000	NaN	NaN
ST42	0.244128	--    	NaN	0.000000	NaN	NaN	NaN	NaN	NaN	NaN	NaN	NaN	NaN	169.000000	3.000000	NaN	NaN
2MS6	0.244356	M6  	106.000000	0.002822	NaN	NaN	NaN	NaN	NaN	NaN	NaN	NaN	NaN	157.000000	2.000000	NaN	NaN
2MK6	0.244584	2MS6	110.000000	0.000228	NaN	NaN	NaN	NaN	NaN	NaN	NaN	NaN	NaN	159.000000	2.000000	NaN	NaN
NSK6	0.245894	--    	NaN	0.000000	NaN	NaN	NaN	NaN	NaN	NaN	NaN	NaN	NaN	161.000000	3.000000	NaN	NaN
2SM6	0.247178	2MS6	110.000000	0.002822	NaN	NaN	NaN	NaN	NaN	NaN	NaN	NaN	NaN	164.000000	2.000000	NaN	NaN
MSK6	0.247406	2SM6	113.000000	0.000228	NaN	NaN	NaN	NaN	NaN	NaN	NaN	NaN	NaN	166.000000	3.000000	NaN	NaN
S6  	0.250000	--    	NaN	0.000000	NaN	NaN	NaN	NaN	NaN	NaN	NaN	NaN	NaN	172.000000	1.000000	NaN	NaN
ST14	0.278753	--    	NaN	0.000000	NaN	NaN	NaN	NaN	NaN	NaN	NaN	NaN	NaN	173.000000	3.000000	NaN	NaN
ST15	0.280291	--    	NaN	0.000000	NaN	NaN	NaN	NaN	NaN	NaN	NaN	NaN	NaN	176.000000	3.000000	NaN	NaN
M7  	0.281790	--    	NaN	0.000000	NaN	NaN	NaN	NaN	NaN	NaN	NaN	NaN	NaN	179.000000	1.000000	NaN	NaN
ST16	0.283087	--    	NaN	0.000000	NaN	NaN	NaN	NaN	NaN	NaN	NaN	NaN	NaN	180.000000	3.000000	NaN	NaN
3MK7	0.283315	M6  	106.000000	0.041781	NaN	NaN	NaN	NaN	NaN	NaN	NaN	NaN	NaN	183.000000	2.000000	NaN	NaN
ST17	0.286137	--    	NaN	0.000000	NaN	NaN	NaN	NaN	NaN	NaN	NaN	NaN	NaN	185.000000	4.000000	NaN	NaN
ST18	0.319021	--    	NaN	0.000000	NaN	NaN	NaN	NaN	NaN	NaN	NaN	NaN	NaN	189.000000	2.000000	NaN	NaN
3MN8	0.320533	--    	NaN	0.000000	NaN	NaN	NaN	NaN	NaN	NaN	NaN	NaN	NaN	191.000000	2.000000	NaN	NaN
ST19	0.320762	--    	NaN	0.000000	NaN	NaN	NaN	NaN	NaN	NaN	NaN	NaN	NaN	193.000000	4.000000	NaN	NaN
M8  	0.322046	3MK7	120.000000	0.038731	NaN	NaN	NaN	NaN	NaN	NaN	NaN	NaN	NaN	197.000000	1.000000	NaN	NaN
ST20	0.323355	--    	NaN	0.000000	NaN	NaN	NaN	NaN	NaN	NaN	NaN	NaN	NaN	198.000000	3.000000	NaN	NaN
ST21	0.323584	--    	NaN	0.000000	NaN	NaN	NaN	NaN	NaN	NaN	NaN	NaN	NaN	201.000000	3.000000	NaN	NaN
3MS8	0.324868	--    	NaN	0.000000	NaN	NaN	NaN	NaN	NaN	NaN	NaN	NaN	NaN	204.000000	2.000000	NaN	NaN
3MK8	0.325096	--    	NaN	0.000000	NaN	NaN	NaN	NaN	NaN	NaN	NaN	NaN	NaN	206.000000	2.000000	NaN	NaN
ST22	0.326405	--    	NaN	0.000000	NaN	NaN	NaN	NaN	NaN	NaN	NaN	NaN	NaN	208.000000	4.000000	NaN	NaN
ST23	0.327689	--    	NaN	0.000000	NaN	NaN	NaN	NaN	NaN	NaN	NaN	NaN	NaN	212.000000	2.000000	NaN	NaN
ST24	0.327918	--    	NaN	0.000000	NaN	NaN	NaN	NaN	NaN	NaN	NaN	NaN	NaN	214.000000	3.000000	NaN	NaN
ST25	0.360802	--    	NaN	0.000000	NaN	NaN	NaN	NaN	NaN	NaN	NaN	NaN	NaN	217.000000	3.000000	NaN	NaN
ST26	0.362314	--    	NaN	0.000000	NaN	NaN	NaN	NaN	NaN	NaN	NaN	NaN	NaN	220.000000	3.000000	NaN	NaN
4MK9	0.363826	--    	NaN	0.000000	NaN	NaN	NaN	NaN	NaN	NaN	NaN	NaN	NaN	223.000000	2.000000	NaN	NaN
ST27	0.366648	--    	NaN	0.000000	NaN	NaN	NaN	NaN	NaN	NaN	NaN	NaN	NaN	225.000000	3.000000	NaN	NaN
ST28	0.401045	--    	NaN	0.000000	NaN	NaN	NaN	NaN	NaN	NaN	NaN	NaN	NaN	228.000000	2.000000	NaN	NaN
M10 	0.402557	--    	NaN	0.000000	NaN	NaN	NaN	NaN	NaN	NaN	NaN	NaN	NaN	230.000000	1.000000	NaN	NaN
ST29	0.403867	--    	NaN	0.000000	NaN	NaN	NaN	NaN	NaN	NaN	NaN	NaN	NaN	231.000000	3.000000	NaN	NaN
ST30	0.405379	--    	NaN	0.000000	NaN	NaN	NaN	NaN	NaN	NaN	NaN	NaN	NaN	234.000000	2.000000	NaN	NaN
ST31	0.406917	--    	NaN	0.000000	NaN	NaN	NaN	NaN	NaN	NaN	NaN	NaN	NaN	236.000000	4.000000	NaN	NaN
ST32	0.408201	--    	NaN	0.000000	NaN	NaN	NaN	NaN	NaN	NaN	NaN	NaN	NaN	240.000000	2.000000	NaN	NaN
ST33	0.447160	--    	NaN	0.000000	NaN	NaN	NaN	NaN	NaN	NaN	NaN	NaN	NaN	242.000000	3.000000	NaN	NaN
M12 	0.483068	--    	NaN	0.000000	NaN	NaN	NaN	NaN	NaN	NaN	NaN	NaN	NaN	245.000000	1.000000	NaN	NaN
ST34	0.485890	--    	NaN	0.000000	NaN	NaN	NaN	NaN	NaN	NaN	NaN	NaN	NaN	246.000000	2.000000	NaN	NaN
ST35	0.487428	--    	NaN	0.000000	NaN	NaN	NaN	NaN	NaN	NaN	NaN	NaN	NaN	248.000000	4.000000	NaN	NaN
